function obstacle_set = obs_setup(~)

% Obstacle information set
% This set is generated from the information of the obstacles.
% (DISUSED)

obstacle_set(1,:) = [1000,501,1500,500];
obstacle_set(2,:) = [2000,501,1500,500];
obstacle_set(3,:) = [3000,501,1500,500];
obstacle_set(4,:) = [2000,2501,1500,500];
obstacle_set(5,:) = [3000,2501,1500,500];
obstacle_set(6,:) = [1000,2501,500,500];
obstacle_set(7,:) = [1000,3151,850,500];
obstacle_set(8,:) = [15,1,4500,15];
obstacle_set(9,:) = [3500,1,15,3500];
obstacle_set(10,:) = [3500,4486,15,3500];
obstacle_set(11,:) = [3500,1,2100,15];
obstacle_set(12,:) = [3500,2301,2200,15];

end